 finish | putts | gr_hit | distance | fairways 
--------+-------+--------+----------+----------
      1 |  15.7 |   13.5 |     26.2 |     32.0
      2 |  17.8 |   22.1 |     24.4 |     25.4
      3 |  19.7 |   24.1 |     34.5 |     36.5
      4 |  14.1 |   26.0 |     29.9 |     21.6
      5 |  20.3 |   17.9 |     25.0 |     28.1
      6 |  25.3 |   19.7 |     38.8 |     31.1
      7 |  22.0 |   17.5 |     37.9 |     32.8
      8 |   8.0 |   35.0 |     35.0 |     14.5
      9 |  22.5 |   28.7 |     43.0 |     31.2
     10 |  47.0 |   13.3 |     23.0 |     46.3